
Gene prediction results by  VGAS
Running parameters:
   Minimum gene length: 60 bp
   Maximum squared Euclid distance: 6.90
   Double-stranded virus
   Start codon: ATG
   Stop codons: TAA and TAG
   Training mode: self-training

Predicted protein-coding genes
     No        Start        Stop         Strand      Length    VZ Score          Annotation

     1           91          843            -          753      0.40895

     2         1011         1997            +          987      0.36023

     3         2000         2836            +          837      0.38280

     4         3423         4343            +          921      0.43295

     5         4435         5331            +          897      0.36512

     6         5344         6420            +         1077      0.43761

     7         6597         6938            +          342      0.30840

     8         6990         8366            -         1377      0.39170

     9         8266         8754            -          489      0.39123

    10         8797         9159            +          363      0.19137

    11         9358        11403            +         2046      0.40915

    12        11610        12170            +          561      0.17742

    13        12330        12887            +          558      0.14911

    14        13022        13579            +          558      0.27110

    15        13775        14395            +          621      0.20950

    16        14607        15167            +          561      0.19677

    17        15532        15843            +          312      0.07479

    18        16296        17690            +         1395      0.28245

    19        17799        18449            +          651      0.20525

    20        18389        18916            -          528      0.18502

    21        18597        19223            +          627      0.22626

    22        19493        20431            +          939      0.42408

    23        20642        21178            +          537      0.39633

    24        21347        21823            +          477      0.31390

    25        21863        23158            +         1296      0.41578

    26        23186        23707            +          522      0.41906

    27        24206        25216            +         1011      0.41095

    28        25904        27565            +         1662      0.45153

    29        27953        28588            +          636      0.31178

    30        29003        29854            +          852      0.35627

    31        29966        30952            +          987      0.23229

    32        31007        31726            +          720      0.42423

    33        31689        32510            +          822      0.42571

    34        32646        33152            +          507      0.33816

    35        33287        34030            +          744      0.33943

    36        34199        34987            +          789      0.42440

    37        35238        35612            -          375      0.33754

    38        36560        37057            -          498      0.19177

    39        37328        37681            -          354      0.41167

    40        37845        38348            -          504      0.28068

    41        38457        38813            -          357      0.21558

    42        38869        39459            -          591      0.42828

    43        39460        40512            -         1053      0.38414

    44        40502        42349            -         1848      0.45331

    45        42339        43712            -         1374      0.45343

    46        43766        46261            -         2496      0.50000

    47        46296        46628            -          333      0.08742

    48        46655        47002            -          348      0.19664

    49        46956        48011            -         1056      0.37360

    50        48072        49163            -         1092      0.44028

    51        49338        49640            -          303      0.36470

    52        49654        49974            -          321      0.34059

    53        50125        50409            -          285      0.29090

    54        50445        50846            -          402      0.12413

    55        51041        51382            -          342      0.28915

    56        51608        52204            +          597      0.36700

    57        52223        54706            +         2484      0.31554

    58        55034        55378            +          345      0.19789

    59        55365        56864            +         1500      0.30604

    60        56865        57359            +          495      0.31272

    61        57344        57646            +          303      0.11614

    62        57612        58070            +          459      0.34643

    63        58509        60440            +         1932      0.39088

    64        61600        62529            -          930      0.37401

    65        62517        63362            -          846      0.18965

    66        63356        64000            -          645      0.40207

    67        64206        64865            +          660      0.41285

    68        64945        65709            -          765      0.28755

    69        65933        66697            +          765      0.37886

    70        66758        67552            -          795      0.38323

    71        67899        68711            +          813      0.27593

    72        68810        69925            +         1116      0.38782

    73        69910        70971            +         1062      0.37180

    74        70983        71432            +          450      0.32659

    75        71549        72844            -         1296      0.40401

