
Gene prediction results by  VGAS
Running parameters:
   Minimum gene length: 60 bp
   Maximum squared Euclid distance: 6.90
   Double-stranded virus
   Start codon: ATG
   Stop codons: TAA and TAG
   Training mode: self-training

Predicted protein-coding genes
     No        Start        Stop         Strand      Length    VZ Score          Annotation

     1          780          959            +          180      0.28095

     2         1004         1174            -          171      0.14045

     3         1343         2536            +         1194      0.34849

     4         2580         2882            +          303      0.29548

     5         2858         3166            -          309      0.16524

     6         3310         3576            -          267      0.23815

     7         3860         5668            -         1809      0.41880

     8         5758         6177            +          420      0.35560

     9         6179         9040            +         2862      0.50000

    10         9343        10119            +          777      0.42552

    11        10228        10677            +          450      0.33868

    12        10626        11036            +          411      0.35062

    13        11012        12124            +         1113      0.42276

    14        12336        12662            +          327      0.25652

    15        12713        12952            +          240      0.24223

    16        13485        14303            +          819      0.42324

    17        14837        15034            +          198      0.22308

    18        15173        15358            -          186      0.22227

    19        15294        15473            -          180      0.27440

    20        15864        16559            +          696      0.34527

    21        16747        17232            +          486      0.42054

    22        17324        17545            -          222      0.31543

    23        17499        17918            +          420      0.33977

    24        17936        18355            +          420      0.38499

    25        18717        19229            +          513      0.42498

    26        19341        20879            -         1539      0.33012

    27        21084        21833            -          750      0.15303

    28        21442        21930            +          489      0.28196

    29        22193        22579            +          387      0.43623

    30        22673        22792            +          120      0.19441

    31        22863        23021            +          159      0.24851

    32        23425        24246            +          822      0.30896

    33        24257        25075            +          819      0.40092

    34        25906        26091            -          186      0.14960

