
Gene prediction results by  VGAS
Running parameters:
   Minimum gene length: 60 bp
   Maximum squared Euclid distance: 6.90
   Double-stranded virus
   Start codon: ATG
   Stop codons: TAA and TAG
   Training mode: self-training

Predicted protein-coding genes
     No        Start        Stop         Strand      Length    VZ Score          Annotation

     1          232          441            +          210      0.22710

     2          473          841            +          369      0.13109

     3          877         1194            +          318      0.20112

     4         1269         1760            +          492      0.28538

     5         2000         2398            +          399      0.25801

     6         2423         2959            +          537      0.30064

     7         2990         3349            +          360      0.13843

     8         3370         3870            +          501      0.14052

     9         3859         4251            -          393      0.01479

    10         4083         4523            +          441      0.23716

    11         4523         5815            +         1293      0.32365

    12         5832         6479            +          648      0.38364

    13         6672         6890            +          219      0.29105

    14         7058         7423            +          366      0.19132

    15         7447         7836            +          390      0.20285

    16         7911         8858            +          948      0.37229

    17         8872         9240            +          369      0.18398

    18         9378         9572            +          195      0.20151

    19         9667        10608            +          942      0.40682

    20        10584        11444            +          861      0.38243

    21        11391        12062            -          672      0.28534

    22        12245        13153            +          909      0.38732

    23        13288        13725            +          438      0.24158

    24        13739        14137            +          399      0.19531

    25        14097        14285            -          189      0.18478

    26        14304        14525            -          222      0.27429

    27        14414        14587            +          174      0.29710

    28        14612        14905            +          294      0.31806

    29        15751        16029            +          279      0.14370

    30        16232        17896            +         1665      0.39629
     (bit_score:188.734;e-value:3.67067e-52;identity:27.3%;gi|944325910|ref|YP_009174707.1| putative thiamine pyrophosphate enzyme TPP binding domain protein [Yellowstone lake phycodnavirus 1])
     (bit_score:169.859;e-value:4.99567e-45;identity:22.3%;gi|313768236|ref|YP_004061916.1| hypothetical protein MpV1_033c [Micromonas sp. RCC1109 virus MpV1])

    31        17933        18637            +          705      0.28380

    32        19016        19441            -          426      0.37638

    33        19730        20599            +          870      0.40698

    34        20784        22301            -         1518      0.44057

    35        22311        22589            -          279      0.24151

    36        22947        23156            +          210      0.12253

    37        23462        24331            +          870      0.37494

    38        24376        26808            -         2433      0.50000

    39        27210        27626            +          417      0.36524

    40        27696        28544            +          849      0.33036

    41        28844        29002            +          159      0.19640

    42        29152        29760            +          609      0.36254

    43        30051        30671            -          621      0.36728

    44        30997        31788            +          792      0.39017

    45        31817        32044            +          228      0.07641

    46        31873        32109            -          237      0.07500

    47        32156        32584            +          429      0.32296

    48        32600        33115            +          516      0.34162

    49        33128        34060            +          933      0.34267

    50        34064        35044            +          981      0.35187

    51        35377        37095            +         1719      0.30044

    52        37113        38525            +         1413      0.38047
     (bit_score:202.601;e-value:3.41775e-58;identity:27.7%;gi|755574720|ref|YP_009119837.1| beta glucosidase [Pandoravirus inopinatum])

    53        38776        39660            +          885      0.41933

    54        39940        40944            +         1005      0.32996

    55        41163        42185            +         1023      0.38456

    56        42492        44054            +         1563      0.28991

    57        44295        44765            +          471      0.37097

    58        45080        45589            +          510      0.23428

    59        45750        47726            -         1977      0.41556

    60        47828        49039            +         1212      0.21908

    61        49008        50765            +         1758      0.37329

    62        50772        51842            +         1071      0.40622

    63        52205        53218            +         1014      0.39838

    64        53230        54294            +         1065      0.28305

    65        54258        55226            +          969      0.20815

    66        55462        56832            +         1371      0.24555

    67        56964        57320            -          357      0.35993

    68        57401        57916            +          516      0.24659

    69        57960        59147            +         1188      0.39148

    70        59163        59849            +          687      0.22115

    71        60129        61472            +         1344      0.24634

    72        61579        62067            +          489      0.17309

    73        62307        63698            +         1392      0.26897

    74        63830        64681            -          852      0.11289

    75        63984        64910            +          927      0.32886

    76        64923        65159            -          237      0.09229

