
Gene prediction results by  VGAS
Running parameters:
   Minimum gene length: 60 bp
   Maximum squared Euclid distance: 6.90
   Double-stranded virus
   Start codon: ATG
   Stop codons: TAA and TAG
   Training mode: self-training

Predicted protein-coding genes
     No        Start        Stop         Strand      Length    VZ Score          Annotation

     1           33         1874            +         1842      0.40541

     2         2081         2641            +          561      0.17742

     3         2801         3358            +          558      0.14911

     4         3493         4050            +          558      0.27110

     5         4246         4866            +          621      0.20950

     6         5078         5638            +          561      0.19677

     7         6003         6314            +          312      0.07479

     8         6767         8161            +         1395      0.28245

     9         8270         8920            +          651      0.20525

    10         8860         9387            -          528      0.18502

    11         9068         9694            +          627      0.22626

    12         9964        10902            +          939      0.42408

    13        11113        11649            +          537      0.39633

    14        11818        12294            +          477      0.31390

    15        12334        13629            +         1296      0.41578

    16        13657        14178            +          522      0.41906

    17        14677        15687            +         1011      0.41095

    18        16375        18036            +         1662      0.45153

    19        18424        19059            +          636      0.31178

    20        19474        20325            +          852      0.35627

    21        20437        21423            +          987      0.23229

    22        21478        22197            +          720      0.42423

    23        22160        22981            +          822      0.42571

    24        23117        23623            +          507      0.33816

    25        23758        24501            +          744      0.33943

    26        24670        25458            +          789      0.42440

    27        25709        26083            -          375      0.33754

    28        27031        27528            -          498      0.19177

    29        27799        28152            -          354      0.41167

    30        28316        28819            -          504      0.28068

    31        28928        29284            -          357      0.21558

    32        29340        29930            -          591      0.42828

    33        29931        30983            -         1053      0.38414

    34        30973        32820            -         1848      0.45331

    35        32810        34183            -         1374      0.45343

    36        34237        36732            -         2496      0.50000

    37        36767        37099            -          333      0.08742

    38        37126        37473            -          348      0.19664

    39        37427        38482            -         1056      0.37360

    40        38543        39634            -         1092      0.44028

    41        39809        40111            -          303      0.36470

    42        40125        40445            -          321      0.34059

    43        40596        40880            -          285      0.29090

    44        40916        41317            -          402      0.12413

    45        41512        41853            -          342      0.28915

    46        42079        42675            +          597      0.36700

    47        42694        45177            +         2484      0.31554

    48        45505        45849            +          345      0.19789

    49        45836        47335            +         1500      0.30604

    50        47336        47830            +          495      0.31272

    51        47815        48117            +          303      0.11614

    52        48083        48541            +          459      0.34643

